N=159 SOL=????? Tipo=3 (Coordenadas XY)
0    43375.70 
1    43205.17
2    43094.32
3    42542.55
4    42933.75
5    42780.97
6    42319.20
7    42510.40
8    42510.40
9    42319.20
10    42849.79
11    42793.24
12    42319.20
13    43074.77
14    42907.22
15    42319.20
16    43613.38
17    43226.10
18    42319.20
19    44955.54
20    44569.44
21    42524.08
22    45740.07
23    45371.66
24    42319.20
25    45911.51
26    45528.33
27    42319.20
28    46501.17
29    45889.45
30    42319.20
31    47269.92
32    46844.20
33    42319.20
34    46878.06
35    46444.38
36    42319.20
37    47950.30
38    47392.93
39    42542.55
40    48692.61
41    48309.66
42    42319.20
43    48931.40
44    48276.79
45    42664.89
46    49871.21
47    49042.20
48    42664.90
49    50276.72
50    49879.65
51    42664.89
52    51542.85
53    51108.67
54    43730.55
55    54106.75
56    52511.41
57    43730.55
58    54267.23
59    52153.81
60    43730.54
61    52603.96
62    51921.75
63    43730.54
64    52746.52
65    52294.53
66    43730.55
67    53164.31
68    52624.93
69    43730.54
70    54593.34
71    53148.22
72    43730.55
73    55347.04
74    54914.49
75    42319.20
76    54827.80
77    54169.27
78    42497.89
79    55454.08
80    54741.80
81    42319.20
82    55469.48
83    54173.65
84    42497.89
85    54624.18
86    53753.04
87    42497.89
88    54117.90
89    53378.84
90    42319.20
91    52626.96
92    52406.39
93    42319.20
94    52082.74
95    51106.57
96    42497.89
97    52120.15
98    51271.78
99    42319.20
100    51677.08
101    51175.78
102    42510.32
103    51644.38
104    50636.54
105    42497.89
106    51004.76
107    50382.87
108    42319.20
109    50908.74
110    50567.43
111    42497.89
112    50824.07
113    50197.31
114    42497.89
115    50917.46
116    50557.20
117    42319.20
118    50746.30
119    50442.93
120    42524.08
121    50743.93
122    49960.25
123    42319.20
124    50713.73
125    49882.07
126    42524.08
127    51313.85
128    51216.41
129    42319.20
130    51414.95
131    50555.34
132    42319.20
133    51350.54
134    50518.86
135    42319.20
136    51481.92
137    50642.71
138    42319.20
139    51452.23
140    50626.68
141    42319.20
142    51273.99
143    50430.33
144    42319.20
145    51512.32
146    50680.79
147    42319.20
148    51478.02
149    50614.89
150    42319.20
151    52058.20
152    51201.56
153    42319.20
154    52576.52
155    51719.42
156    42319.20
157    53471.38
158    52620.54
159    42319.20
160    53919.70
161    53133.89
162    42319.20
163    55597.93
164    54841.52
165    42524.08
166    56875.59
167    56077.67
168    42319.20
169    56936.67
170    56085.34
171    42319.20
172    57469.16
173    56701.76
174    42319.20
175    57191.70
176    56410.38
177    42319.20
178    56754.56
179    55728.24
180    42319.20
181    56326.15
182    55239.93
183    42319.20
184    55300.23
185    54179.55
186    42524.08
187    55270.30
188    54405.98
189    42319.20
190    54107.44
191    53247.80
192    42683.32
193    54618.66
194    53519.01
195    42319.20
196    53906.87
197    52780.37
198    42874.44
199    54116.86
200    52963.13
201    42874.44
202    53774.18
203    52592.95
204    42319.20
205    52878.98
206    51670.08
207    42319.20
208    52541.91
209    51305.32
210    42319.20
211    52207.90
212    50943.80
213    42319.20
214    51571.44
215    50361.52
216    42319.20
217    51319.70
218    50206.11
219    42524.08
220    51348.95
221    50273.18
222    42319.20
223    51461.57
224    50409.40
225    42319.20
226    50466.87
227    49314.96
228    42319.20
229    50780.00
230    49511.62
231    42319.20
232    50216.99
233    48872.46
234    42319.20
235    50832.39
236    49431.93
237    42319.20
238    50878.82
239    49469.88
240    42319.20
241    50971.78
242    49546.27
243    42319.20
244    51069.50
245    49631.25
246    42319.20
247    51172.22
248    49725.86
249    42319.20
250    51280.20
251    49831.24
252    42319.20
253    51393.67
254    49948.55
255    42319.20
256    51247.52
257    49846.16
258    42319.20
259    50726.19
260    49339.12
261    42319.20
262    50693.54
263    49258.76
264    43401.84
265    50749.61
266    49711.39
267    42319.20
268    50563.56
269    49238.96
270    42319.20
271    49787.62
272    48836.77
273    42319.20
274    49566.94
275    48616.09
276    42319.20
277    49825.88
278    48875.04
279    42319.20
280    51005.03
281    49571.50
282    42319.20
283    50509.64
284    49558.79
285    42319.20
286    51287.87
287    49941.41
288    42319.20
289    51779.37
290    50406.91
291    42524.08
292    52257.18
293    50955.20
294    42319.20
295    52203.89
296    50929.35
297    42319.20
298    52362.59
299    51121.12
300    42319.20
301    52528.56
302    51329.35
303    42319.20
304    52701.94
305    51553.89
306    42319.20
307    52882.84
308    51794.25
309    42319.20
310    53071.35
311    52049.73
312    42319.20
313    52713.71
314    51762.87
315    42319.20
316    52457.30
317    51506.45
318    42319.20
319    52164.32
320    51168.01
321    42319.20
322    50950.76
323    49999.91
324    42472.00
325    52153.86
326    51371.50
327    42472.00
328    52073.05
329    51290.70
330    42497.89
331    51648.52
332    50353.99
333    42472.00
334    50686.60
335    50574.21
336    42472.00
337    50089.61
338    49142.40
339    42472.00
340    50043.29
341    48846.64
342    42472.00
343    50536.05
344    50418.89
345    42472.00
346    51362.64
347    50198.23
348    42471.99
349    51419.01
350    50689.63
351    42817.68
352    50430.48
353    49498.13
354    42817.69
355    49766.92
356    48771.69
357    42664.90
358    50376.57
359    49425.72
360    42319.20
361    51310.89
362    50360.04
363    42319.12
364    49859.44
365    49454.98
366    42524.08
367    50655.00
368    49405.47
369    42319.20
370    46897.92
371    45914.23
372    43344.63
373    46287.02
374    46199.63
375    43344.63
376    45556.67
377    45449.88
378    43344.63
379    46017.13
380    45899.98
381    42702.78
382    45905.10
383    45650.50
384    42497.89
385    46175.58
386    45595.75
387    42497.89
388    46421.48
389    45692.09
390    42497.89
391    46952.95
392    46052.64
393    42497.89
394    47916.37
395    47451.41
396    42497.89
397    48840.07
398    48217.61
399    42497.89
400    48358.77
401    47958.66
402    43344.63
403    49831.52
404    49285.34
405    43344.63
406    49812.88
407    49249.38
408    42702.78
409    49405.27
410    48837.95
411    42319.20
412    48961.10
413    48474.67
414    42497.89
415    48591.51
416    48090.17
417    42524.08
418    48872.36
419    48568.83
420    42319.20
421    48141.83
422    47731.66
423    42319.20
424    47983.67
425    47564.84
426    42524.08
427    47985.24
428    47338.34
429    42319.20
430    47282.13
431    46813.02
432    42319.20
433    47052.94
434    46631.17
435    42319.20
436    46645.79
437    46176.13
438    42319.20
439    46287.05
440    45691.21
441    42319.20
442    45610.72
443    45064.95
444    42524.08
445    46209.55
446    45665.37
447    42319.20
448    45270.35
449    44847.93
450    42319.20
451    44856.40
452    44041.83
453    42542.55
454    44821.07
455    44333.98
456    42319.20
457    44242.93
458    43731.84
459    42319.20
460    43989.91
461    43692.73
462    42524.08
463    44181.38
464    43865.25
465    42319.20
466    43195.81
467    43139.21
468    42542.55
469    43402.68
470    43167.91
471    42319.20
472    42943.46
473    42697.40
474    42319.20
475    42436.60
476    42436.60
477    42319.20

